
strategic_region={
	id=213
	name="STRATEGICREGION_213"
	provinces={
		7 75 133 134 136 300 308 417 473 658 823 869 913 934 937 1000 1091 1166 1461 1773 1850 1917 2342 2344 2358 2432 2467 2513 2752 2756 2796 2870 2907 2922 3049 3084 3131 3237 3304 3800 4416 4549 4800 4913 4969 4990 5139 5304 5325 5407 5514 5790 5869 6125 6286 6520 6528 6541 6696 7006 7007 7465 7547 7725 7812 7919 9190 9432 9699 9892 14765 14786 14788 14818 14841 14900 14911 14918 14920 14923 14924 14929 14930 14932 14945 14949 14950 
	}
	weather={
	}
}
